@MapData  60, 20, 48, 48, ../image/mapchip3.png
@MapAttr  20, 15
0, 0, 0, 0, 0, 0, 0, 0, 0, 0, 0, 0, 0, 0, 0, 0, 0, 0, 0, 0, 
0, 0, 0, 0, 0, 0, 0, 0, 0, 0, 0, 0, 0, 0, 0, 0, 0, 0, 0, 0, 
1, 0, 0, 0, 0, 0, 0, 0, 0, 0, 0, 0, 0, 0, 0, 0, 0, 0, 0, 0, 
0, 0, 0, 0, 0, 0, 0, 0, 0, 0, 0, 0, 0, 0, 0, 0, 0, 0, 0, 0, 
0, 0, 0, 0, 0, 0, 0, 0, 0, 0, 0, 0, 0, 0, 0, 0, 0, 0, 0, 0, 
0, 0, 0, 0, 0, 0, 0, 0, 0, 0, 0, 0, 0, 0, 0, 0, 0, 0, 0, 0, 
0, 0, 0, 0, 0, 0, 0, 0, 0, 0, 0, 0, 0, 0, 0, 0, 0, 0, 0, 0, 
0, 0, 0, 0, 0, 0, 0, 0, 0, 0, 0, 0, 0, 0, 0, 0, 0, 0, 0, 0, 
0, 0, 0, 0, 0, 0, 0, 0, 0, 0, 0, 0, 0, 0, 0, 0, 0, 0, 0, 0, 
0, 0, 0, 0, 0, 0, 0, 0, 0, 0, 0, 0, 0, 0, 0, 0, 0, 0, 0, 0, 
0, 0, 0, 0, 0, 0, 0, 0, 0, 0, 0, 0, 0, 0, 0, 0, 0, 0, 0, 0, 
0, 0, 0, 0, 0, 0, 0, 0, 0, 0, 0, 0, 0, 0, 0, 0, 0, 0, 0, 0, 
0, 0, 0, 0, 0, 0, 0, 0, 0, 0, 0, 0, 0, 0, 0, 0, 0, 0, 0, 0, 
0, 0, 0, 0, 0, 0, 0, 0, 0, 0, 0, 0, 0, 0, 0, 0, 0, 0, 0, 0, 
0, 0, 0, 0, 0, 0, 0, 0, 0, 0, 0, 0, 0, 0, 0, 0, 0, 0, 0, 0, 
@Back
3001, 3001, 3001, 3001, 3001, 3001, 3001, 3001, 3001, 3001, 3001, 3001, 3001, 3001, 3001, 3001, 3001, 3001, 3001, 3001, 3001, 3001, 3001, 3001, 3001, 3001, 3001, 3001, 3001, 3001, 3001, 3001, 3001, 3001, 3001, 3001, 3001, 3001, 3001, 3001, 3001, 3001, 3001, 3001, 3001, 3001, 3001, 3001, 3001, 3001, 3001, 3001, 3001, 3001, 3001, 3001, 3001, 3001, 3001, 3001, 
3001, 3001, 3001, 3001, 3001, 3001, 3001, 3001, 3001, 3001, 3001, 3001, 3001, 3001, 3001, 3001, 3001, 3001, 3001, 3001, 3001, 3001, 3001, 3001, 3001, 3001, 3001, 3001, 3001, 3001, 3001, 3001, 3001, 3001, 3001, 3001, 3001, 3001, 3001, -1, -1, -1, -1, -1, -1, -1, -1, -1, -1, -1, -1, -1, 3001, 3001, 3001, 3001, 3001, 3001, 3001, 3001, 
3001, 3001, 3001, 3001, 3001, 3001, 3001, 3001, 3001, 3001, 3001, 3001, 3001, 3001, 3001, 3001, 3001, 3001, 3001, 3001, 3001, 3001, 3001, 3001, 3001, 3001, 3001, 3001, 3001, 3001, 3001, 3001, 3001, 3001, 3001, 3001, 3001, 3001, 3001, -1, -1, -1, -1, -1, -1, -1, -1, -1, -1, -1, -1, -1, 3001, 3001, 3001, 3001, 3001, 3001, 3001, 3001, 
3001, 3001, 3001, 3001, 3001, 3001, 3001, 3001, 3001, 3001, 3001, 3001, 3001, 3001, 3001, 3001, 3001, 3001, 3001, 3001, 3001, 3001, 3001, 3001, 3001, 3001, 3001, 3001, 3001, 3001, 3001, 3001, 3001, 3001, 3001, 3001, 3001, 3001, 3001, -1, -1, -1, -1, -1, -1, 2010, -1, -1, -1, -1, -1, -1, 3001, 3001, 3001, 3001, 3001, 3001, 3001, 3001, 
3001, 3001, 3001, 3001, 3001, 3001, 3001, 3001, 3001, 3001, 3001, 3001, 3001, 3001, 3001, 3001, 3001, 3001, 3001, 3001, 3001, 3001, 3001, 3001, 3001, 3001, 3001, 3001, 3001, 3001, 3001, 3001, 3001, 3001, 3001, 3001, 3001, 3001, 3001, -1, -1, -1, -1, -1, -1, 3010, -1, -1, -1, -1, -1, -1, 3001, 3001, 3001, 3001, 3001, 3001, 3001, 3001, 
3001, 3001, 3001, 3001, 3001, 3001, 3001, 3001, 3001, 3001, 3001, 3001, 3001, 3001, 3001, 3001, 3001, 3001, 3001, 3001, 3001, 3001, 3001, 3001, 3001, 3001, 3001, 3001, 3001, 3001, 3001, 3001, 3001, 3001, 3001, 3001, 3001, 3001, 3001, -1, -1, -1, -1, 3001, 3001, 3001, 3001, 3001, -1, -1, -1, -1, 3001, 3001, 3001, 3001, 3001, 3001, 3001, 3001, 
3001, 3001, 3001, 3001, 3001, 3001, 3001, 3001, 3001, 3001, 3001, 3001, 3001, 3001, 3001, 3001, 3001, 3001, 3001, 3001, 3001, 3001, 3001, 3001, 3001, 3001, 3001, 3001, 3001, 3001, 3001, 3001, 3001, 3001, 3001, 3001, 3001, 3001, 3001, -1, -1, -1, -1, -1, -1, -1, -1, -1, -1, -1, -1, -1, 3001, 3001, 3001, 3001, 3001, 3001, 3001, 3001, 
3001, 3001, 3001, 3001, 3001, 3001, 3001, 3001, 3001, 3001, 3001, 3001, 3001, 3001, 3001, 3001, 3001, 3001, 3001, 3001, 3001, 3001, 3001, 3001, 3001, 3001, 3001, 3001, 3001, 3001, 3001, 3001, 3001, 3001, 3001, 3001, 3001, 3001, 3001, -1, -1, -1, -1, -1, -1, -1, -1, -1, -1, -1, -1, -1, 3001, 3001, 3001, 3001, 3001, 3001, 3001, 3001, 
3001, 3001, 3001, 3001, 3001, 3001, 3001, 3001, 3001, 3001, 3001, 3001, 3001, 3001, 3001, 3001, 3001, 3001, 3001, 3001, 3001, 3001, 3001, 3001, 3001, 3001, 3001, 3001, 3001, 3001, 3001, 3001, 3001, 3001, 3001, 3001, 3001, 3001, 3001, 3001, 3001, 3001, -1, -1, -1, -1, -1, -1, -1, 3001, 3001, 3001, 3001, 3001, 3001, 3001, 3001, 3001, 3001, 3001, 
3001, 3001, 3001, 3001, 3001, 3001, 3001, 3001, 3001, 3001, 3001, 3001, 3001, 3001, 3001, 3001, 3001, 3001, 3001, 3001, 3001, 3001, 3001, 3001, 3001, 3001, 3001, 3001, 3001, 3001, 3001, 3001, 3001, -1, -1, -1, -1, -1, -1, -1, -1, -1, -1, -1, -1, -1, -1, -1, -1, -1, -1, -1, -1, -1, -1, -1, -1, -1, 3001, 3001, 
3001, 3001, 3001, 3001, 3001, 3001, 3001, 3001, 3001, 3001, 3001, 3001, 3001, 3001, 3001, 3001, 3001, 3001, 3001, 3001, 3001, 3001, 3001, 3001, 3001, 3001, 3001, 3001, 3001, 3001, 3001, 3001, 3001, -1, -1, -1, -1, -1, -1, -1, -1, -1, -1, -1, 3001, 3001, 3001, -1, -1, -1, -1, -1, -1, -1, -1, -1, -1, -1, 3001, 3001, 
3001, 3001, 3001, 3001, 3001, 3001, 3001, 3001, 3001, 3001, 3001, 3001, 3001, 3001, 3001, 3001, 3001, 3001, 3001, 3001, 3001, 3001, 3001, 3001, 3001, 3001, 3001, 3001, 3001, 3001, 3001, 3001, 3001, -1, -1, -1, -1, -1, -1, -1, -1, -1, -1, -1, -1, -1, -1, -1, -1, -1, -1, -1, -1, -1, -1, -1, -1, -1, 3001, 3001, 
3001, 3001, 3001, 3001, 3001, 3001, 3001, 3001, 3001, 3001, 3001, 3001, 3001, 3001, 3001, 3001, 3001, 3001, 3001, 3001, 3001, 3001, 3001, 3001, 3001, 3001, 3001, 3001, 3001, 3001, 3001, 3001, 3001, 2010, -1, -1, -1, -1, -1, -1, -1, -1, -1, -1, -1, -1, -1, -1, -1, -1, -1, -1, -1, -1, -1, -1, -1, 2010, 3001, 3001, 
3001, 3001, 3001, 3001, 3001, 3001, 3001, 3001, 3001, 3001, 3001, 3001, 3001, 3001, 3001, 3001, 3001, 3001, 3001, 3001, 3001, 3001, 3001, 3001, 3001, 3001, 3001, 3001, 3001, 3001, 3001, 3001, 3001, 3010, -1, -1, -1, -1, -1, -1, -1, -1, -1, -1, -1, -1, -1, -1, -1, -1, -1, -1, -1, -1, -1, -1, -1, 3010, 3001, 3001, 
3001, 3001, 3001, 3001, 3001, 3001, 3001, 3001, 3001, 3001, 3001, 3001, 3001, 3001, 3001, 3001, 3001, 3001, 3001, 3001, 3001, 3001, 3001, 3001, 3001, 3001, 3001, 3001, 3001, 3001, 3001, 3001, 3001, 3001, 3001, 3001, 3001, 3001, 3001, -1, -1, -1, 5001, 3001, 3001, 3001, 3001, 3001, 5000, -1, -1, -1, 3001, 3001, 3001, 3001, 3001, 3001, 3001, 3001, 
3001, 3001, 3001, 3001, 3001, 3001, 3001, 3001, 3001, 3001, 3001, 3001, 3001, 3001, 3001, 3001, 3001, 3001, 3001, 3001, 3001, 3001, 3001, 3001, 3001, 3001, 3001, 3001, 3001, 3001, 3001, 3001, 3001, 3001, -1, -1, -1, -1, -1, -1, -1, 5001, 3001, 3001, 3001, 3001, 3001, 3001, 3001, 5000, -1, -1, -1, -1, -1, -1, -1, 3001, 3001, 3001, 
3001, 3001, 3001, 3001, 3001, 3001, 3001, 3001, 3001, 3001, 3001, 3001, 3001, 3001, 3001, 3001, 3001, 3001, 3001, 3001, 3001, 3001, 3001, 3001, 3001, 3001, 3001, 3001, 3001, 3001, 3001, 3001, 3001, 3001, 2010, -1, -1, -1, -1, -1, 5001, 3001, 3001, 3001, 3001, 3001, 3001, 3001, 3001, 3001, 5000, -1, -1, -1, -1, -1, 2010, 3001, 3001, 3001, 
3001, 3001, 3001, 3001, 3001, 3001, 3001, 3001, 3001, 3001, 3001, 3001, 3001, 3001, 3001, 3001, 3001, 3001, 3001, 3001, 3001, 3001, 3001, 3001, 3001, 3001, 3001, 3001, 3001, 3001, 3001, 3001, 3001, 3001, 3010, -1, -1, -1, -1, 5001, 3001, 3001, 3001, 3001, 3001, 3001, 3001, 3001, 3001, 3001, 3001, 5000, -1, -1, -1, -1, 3010, 3001, 3001, 3001, 
3001, 3001, 3001, 3001, 3001, 3001, 3001, 3001, 3001, 3001, 3001, 3001, 3001, 3001, 3001, 3001, 3001, 3001, 3001, 3001, 3001, 3001, 3001, 3001, 3001, 3001, 3001, 3001, 3001, 3001, 3001, 3001, 3001, 3001, 3001, 3001, 3001, 3001, 3001, 3001, 3001, 3001, 3001, 3001, 3001, 3001, 3001, 3001, 3001, 3001, 3001, 3001, 3001, 3001, 3001, 3001, 3001, 3001, 3001, 3001, 
3001, 3001, 3001, 3001, 3001, 3001, 3001, 3001, 3001, 3001, 3001, 3001, 3001, 3001, 3001, 3001, 3001, 3001, 3001, 3001, 3001, 3001, 3001, 3001, 3001, 3001, 3001, 3001, 3001, 3001, 3001, 3001, 3001, 3001, 3001, 3001, 3001, 3001, 3001, 3001, 3001, 3001, 3001, 3001, 3001, 3001, 3001, 3001, 3001, 3001, 3001, 3001, 3001, 3001, 3001, 3001, 3001, 3001, 3001, 3001, 
@Fore
-1, -1, -1, -1, -1, -1, -1, -1, -1, -1, -1, -1, -1, -1, -1, -1, -1, -1, -1, -1, -1, -1, -1, -1, -1, -1, -1, -1, -1, -1, -1, -1, -1, -1, -1, -1, -1, -1, -1, -1, -1, -1, -1, -1, -1, -1, -1, -1, -1, -1, -1, -1, -1, -1, -1, -1, -1, -1, -1, -1, 
-1, -1, -1, -1, -1, -1, -1, -1, -1, -1, -1, -1, -1, -1, -1, -1, -1, -1, -1, -1, -1, -1, -1, -1, -1, -1, -1, -1, -1, -1, -1, -1, -1, -1, -1, -1, -1, -1, -1, -1, -1, -1, -1, -1, -1, -1, -1, -1, -1, -1, -1, -1, -1, -1, -1, -1, -1, -1, -1, -1, 
-1, -1, -1, -1, -1, -1, -1, -1, -1, -1, -1, -1, -1, -1, -1, -1, -1, -1, -1, -1, -1, -1, -1, -1, -1, -1, -1, -1, -1, -1, -1, -1, -1, -1, -1, -1, -1, -1, -1, -1, -1, -1, -1, -1, -1, -1, -1, -1, -1, -1, -1, -1, -1, -1, -1, -1, -1, -1, -1, -1, 
-1, -1, -1, -1, -1, -1, -1, -1, -1, -1, -1, -1, -1, -1, -1, -1, -1, -1, -1, -1, -1, -1, -1, -1, -1, -1, -1, -1, -1, -1, -1, -1, -1, -1, -1, -1, -1, -1, -1, -1, -1, -1, -1, -1, -1, -1, -1, -1, -1, -1, -1, -1, -1, -1, -1, -1, -1, -1, -1, -1, 
-1, -1, -1, -1, -1, -1, -1, -1, -1, -1, -1, -1, -1, -1, -1, -1, -1, -1, -1, -1, -1, -1, -1, -1, -1, -1, -1, -1, -1, -1, -1, -1, -1, -1, -1, -1, -1, -1, -1, -1, -1, -1, -1, -1, -1, -1, -1, -1, -1, -1, -1, -1, -1, -1, -1, -1, -1, -1, -1, -1, 
-1, -1, -1, -1, -1, -1, -1, -1, -1, -1, -1, -1, -1, -1, -1, -1, -1, -1, -1, -1, -1, -1, -1, -1, -1, -1, -1, -1, -1, -1, -1, -1, -1, -1, -1, -1, -1, -1, -1, -1, -1, -1, -1, -1, -1, -1, -1, -1, -1, -1, -1, -1, -1, -1, -1, -1, -1, -1, -1, -1, 
-1, -1, -1, -1, -1, -1, -1, -1, -1, -1, -1, -1, -1, -1, -1, -1, -1, -1, -1, -1, -1, -1, -1, -1, -1, -1, -1, -1, -1, -1, -1, -1, -1, -1, -1, -1, -1, -1, -1, -1, -1, -1, -1, -1, -1, -1, -1, -1, -1, -1, -1, -1, -1, -1, -1, -1, -1, -1, -1, -1, 
-1, -1, -1, -1, -1, -1, -1, -1, -1, -1, -1, -1, -1, -1, -1, -1, -1, -1, -1, -1, -1, -1, -1, -1, -1, -1, -1, -1, -1, -1, -1, -1, -1, -1, -1, -1, -1, -1, -1, -1, -1, -1, -1, -1, -1, -1, -1, -1, -1, -1, -1, -1, -1, -1, -1, -1, -1, -1, -1, -1, 
-1, -1, -1, -1, -1, -1, -1, -1, -1, -1, -1, -1, -1, -1, -1, -1, -1, -1, -1, -1, -1, -1, -1, -1, -1, -1, -1, -1, -1, -1, -1, -1, -1, -1, -1, -1, -1, -1, -1, -1, -1, -1, -1, -1, -1, -1, -1, -1, -1, -1, -1, -1, -1, -1, -1, -1, -1, -1, -1, -1, 
-1, -1, -1, -1, -1, -1, -1, -1, -1, -1, -1, -1, -1, -1, -1, -1, -1, -1, -1, -1, -1, -1, -1, -1, -1, -1, -1, -1, -1, -1, -1, -1, -1, -1, -1, -1, -1, -1, -1, -1, -1, -1, -1, -1, -1, -1, -1, -1, -1, -1, -1, -1, -1, -1, -1, -1, -1, -1, -1, -1, 
-1, -1, -1, -1, -1, -1, -1, -1, -1, -1, -1, -1, -1, -1, -1, -1, -1, -1, -1, -1, -1, -1, -1, -1, -1, -1, -1, -1, -1, -1, -1, -1, -1, -1, -1, -1, -1, -1, -1, -1, -1, -1, -1, -1, -1, -1, -1, -1, -1, -1, -1, -1, -1, -1, -1, -1, -1, -1, -1, -1, 
-1, -1, -1, -1, -1, -1, -1, -1, -1, -1, -1, -1, -1, -1, -1, -1, -1, -1, -1, -1, -1, -1, -1, -1, -1, -1, -1, -1, -1, -1, -1, -1, -1, -1, -1, -1, -1, -1, -1, -1, -1, -1, -1, -1, -1, -1, -1, -1, -1, -1, -1, -1, -1, -1, -1, -1, -1, -1, -1, -1, 
-1, -1, -1, -1, -1, -1, -1, -1, -1, -1, -1, -1, -1, -1, -1, -1, -1, -1, -1, -1, -1, -1, -1, -1, -1, -1, -1, -1, -1, -1, -1, -1, -1, -1, -1, -1, -1, -1, -1, -1, -1, -1, -1, -1, -1, -1, -1, -1, -1, -1, -1, -1, -1, -1, -1, -1, -1, -1, -1, -1, 
-1, -1, -1, -1, -1, -1, -1, -1, -1, -1, -1, -1, -1, -1, -1, -1, -1, -1, -1, -1, -1, -1, -1, -1, -1, -1, -1, -1, -1, -1, -1, -1, -1, -1, -1, -1, -1, -1, -1, -1, -1, -1, -1, -1, -1, -1, -1, -1, -1, -1, -1, -1, -1, -1, -1, -1, -1, -1, -1, -1, 
-1, -1, -1, -1, -1, -1, -1, -1, -1, -1, -1, -1, -1, -1, -1, -1, -1, -1, -1, -1, -1, -1, -1, -1, -1, -1, -1, -1, -1, -1, -1, -1, -1, -1, -1, -1, -1, -1, -1, -1, -1, -1, -1, -1, -1, -1, -1, -1, -1, -1, -1, -1, -1, -1, -1, -1, -1, -1, -1, -1, 
-1, -1, -1, -1, -1, -1, -1, -1, -1, -1, -1, -1, -1, -1, -1, -1, -1, -1, -1, -1, -1, -1, -1, -1, -1, -1, -1, -1, -1, -1, -1, -1, -1, -1, -1, -1, -1, -1, -1, -1, -1, -1, -1, -1, -1, -1, -1, -1, -1, -1, -1, -1, -1, -1, -1, -1, -1, -1, -1, -1, 
-1, -1, -1, -1, -1, -1, -1, -1, -1, -1, -1, -1, -1, -1, -1, -1, -1, -1, -1, -1, -1, -1, -1, -1, -1, -1, -1, -1, -1, -1, -1, -1, -1, -1, -1, -1, -1, -1, -1, -1, -1, -1, -1, -1, -1, -1, -1, -1, -1, -1, -1, -1, -1, -1, -1, -1, -1, -1, -1, -1, 
-1, -1, -1, -1, -1, -1, -1, -1, -1, -1, -1, -1, -1, -1, -1, -1, -1, -1, -1, -1, -1, -1, -1, -1, -1, -1, -1, -1, -1, -1, -1, -1, -1, -1, -1, -1, -1, -1, -1, -1, -1, -1, -1, -1, -1, -1, -1, -1, -1, -1, -1, -1, -1, -1, -1, -1, -1, -1, -1, -1, 
-1, -1, -1, -1, -1, -1, -1, -1, -1, -1, -1, -1, -1, -1, -1, -1, -1, -1, -1, -1, -1, -1, -1, -1, -1, -1, -1, -1, -1, -1, -1, -1, -1, -1, -1, -1, -1, -1, -1, -1, -1, -1, -1, -1, -1, -1, -1, -1, -1, -1, -1, -1, -1, -1, -1, -1, -1, -1, -1, -1, 
-1, -1, -1, -1, -1, -1, -1, -1, -1, -1, -1, -1, -1, -1, -1, -1, -1, -1, -1, -1, -1, -1, -1, -1, -1, -1, -1, -1, -1, -1, -1, -1, -1, -1, -1, -1, -1, -1, -1, -1, -1, -1, -1, -1, -1, -1, -1, -1, -1, -1, -1, -1, -1, -1, -1, -1, -1, -1, -1, -1, 
@MapLine  28
 2060,  672,     2308,  672,    0.00000,-1.00000
 2308,  672,     2496,  864,    0.71451,-0.69962
 2496,  864,     2732,  864,    0.00000,-1.00000
 2732,  864,     2736,  720,    -0.99961,-0.02777
 2736,  720,     2496,  720,    0.00000,1.00000
 2496,  720,     2496,  672,    -1.00000,-0.00000
 2496,  672,     2784,  672,    0.00000,-1.00000
 2784,  672,     2784,  432,    -1.00000,-0.00000
 2784,  432,     2352,  432,    0.00000,1.00000
 2352,  432,     2352,  384,    -1.00000,-0.00000
 2352,  384,     2496,  384,    0.00000,-1.00000
 2496,  384,     2496,   48,    -1.00000,-0.00000
 2496,   48,     1872,   48,    0.00000,1.00000
 1872,   48,     1872,  384,    1.00000,-0.00000
 1872,  384,     2016,  384,    0.00000,-1.00000
 2016,  384,     2016,  432,    1.00000,-0.00000
 2016,  432,     1584,  432,    0.00000,1.00000
 1584,  432,     1588,  672,    0.99986,-0.01666
 1591,  674,     1871,  674,    0.00000,-1.00000
 1872,  676,     1872,  720,    1.00000,-0.00000
 1872,  720,     1632,  720,    0.00000,1.00000
 1632,  724,     1632,  864,    1.00000,-0.00000
 1636,  864,     1872,  864,    0.00000,-1.00000
 1872,  864,     2060,  672,    -0.71451,-0.69962
 2064,  240,     2304,  240,    0.00000,-1.00000
 2304,  240,     2304,  288,    1.00000,-0.00000
 2304,  288,     2064,  288,    0.00000,1.00000
 2064,  288,     2064,  240,    -1.00000,-0.00000
@EvtMap  6
 2162,  571,     1,  0,   0
 2689,  814,     2,  20,   0
 2736,  624,     2,  20,   0
 1632,  816,     2,  20,   0
 1583,  622,     2,  20,   0
 2161,  189,     2,  20,   0
