@MapData  1, 1, 2880, 768, ../image/map4.png
@Back
0, 
@Fore
-1, 
@MapLine  32
    0,    0,      -48,  577,    0.99656,0.08290
  -48,  577,      240,  577,    0.00000,-1.00000
  240,  577,      336,  625,    0.44721,-0.89443
  336,  625,      432,  625,    0.00000,-1.00000
  432,  625,      528,  577,    -0.44721,-0.89443
  528,  577,      720,  577,    0.00000,-1.00000
  720,  577,      720,  673,    1.00000,-0.00000
  720,  673,      816,  673,    0.00000,-1.00000
  816,  673,      816,  577,    -1.00000,-0.00000
  816,  577,      960,  577,    0.00000,-1.00000
  960,  577,     1104,  721,    0.70711,-0.70711
 1104,  721,     1200,  721,    0.00000,-1.00000
 1200,  721,     1344,  577,    -0.70711,-0.70711
 1344,  577,     1584,  577,    0.00000,-1.00000
 1584,  577,     1584,  721,    1.00000,-0.00000
 1584,  721,     1728,  721,    0.00000,-1.00000
 1728,  721,     1728,  577,    -1.00000,-0.00000
 1728,  577,     1968,  577,    0.00000,-1.00000
 1968,  577,     1968,  721,    1.00000,-0.00000
 1968,  721,     2112,  721,    0.00000,-1.00000
 2112,  721,     2112,  577,    -1.00000,-0.00000
 2112,  577,     2208,  577,    0.00000,-1.00000
 2208,  577,     2208,  721,    1.00000,-0.00000
 2208,  721,     2352,  721,    0.00000,-1.00000
 2352,  721,     2352,  577,    -1.00000,-0.00000
 2352,  577,     2448,  577,    0.00000,-1.00000
 2448,  577,     2544,  673,    0.70711,-0.70711
 2544,  673,     2688,  673,    0.00000,-1.00000
 2688,  673,     2784,  577,    -0.70711,-0.70711
 2784,  577,     2880,  577,    0.00000,-1.00000
 2880,  577,     2820,    0,    -0.99464,0.10343
 2820,    0,        0,    0,    0.00000,1.00000
@EvtMap  17
 1584,  676,     3,  1,   0
 1632,  676,     3,  1,   0
 1680,  676,     3,  1,   0
 1968,  676,     3,  1,   0
 2016,  676,     3,  1,   0
 2064,  676,     3,  1,   0
 2208,  676,     3,  1,   0
 2256,  676,     3,  1,   0
 2304,  676,     3,  1,   0
  600,  529,     3,  2,   0
  856,  529,     3,  2,   0
 1448,  529,     3,  2,   0
 2400,  529,     3,  2,   0
 2600,  625,     3,  2,   0
 1824,  480,     2,  10,   0
 2832,  528,     2,  20,   0
   16,  529,     1,  0,   0
